0 0.7362883828125 0.4266420125 0.7457312125 0.40677957343750004 0.73077364375 0.37671871874999996 0.705390975 0.425348796875 0.7197163343749999 0.45641035937499996 0.7362883828125 0.4266420125
0 0.6648543375 0.3787634625 0.6508681468749999 0.3519232953125 0.6253692671875 0.39941085 0.6447094171875001 0.42601344843750005 0.6648543375 0.3787634625
0 0.6069611593750001 0.138602571875 0.6134736796875 0.116762171875 0.5907364562499999 0.11215859218749999 0.57930356875 0.1575168859375 0.601315709375 0.161245234375 0.6069611593750001 0.138602571875
0 0.5277522046875001 0.2850803703125 0.5426561984375 0.23942808124999998 0.5217726218750001 0.226961034375 0.5052242078125 0.27655965781249997 0.5277522046875001 0.2850803703125
0 0.4125914 0.3733880953125 0.41835185468749997 0.35178481562499997 0.3972474578125 0.3448769015625 0.3842151734375 0.39264462187500004 0.40625144999999996 0.397315609375 0.4125914 0.3733880953125
0 0.30843533437500004 0.75166455 0.31307148281249997 0.7342688749999999 0.2900695953125 0.7334707421875 0.2778546 0.7828499296875 0.299391825 0.784985271875 0.30843533437500004 0.75166455
0 0.45396980937500003 0.7364843796875 0.465535190625 0.6933265046875 0.44209285937500004 0.6847309765625 0.43070526875 0.7304041078125 0.4417202234375 0.7363843812499999 0.45396980937500003 0.7364843796875
0 0.524873328125 0.7327685328125 0.531882471875 0.685145071875 0.5083348421875 0.6850341453125 0.49801895781249994 0.738416021875 0.51162611875 0.7392603328125 0.524873328125 0.7327685328125
0 0.633025259375 0.8453107078125001 0.6156354328125 0.8129979781250001 0.594273025 0.86115693125 0.60961673125 0.8896680640625 0.633025259375 0.8453107078125001
0 0.14407631875 0.7883047171875 0.15119956406249999 0.7555640312499999 0.12327149687500001 0.7507759078125 0.1103656640625 0.8025383749999999 0.1373768875 0.809273028125 0.14407631875 0.7883047171875
0 0.38046875 0.4796875 0.0390625 0.059375