0 0.60703125 0.6296875 0.02265625 0.0515625
0 0.76875 0.6484375 0.028125 0.05625
0 0.26160498125 0.666258046875 0.23906372031249998 0.687317059375 0.24966748125 0.7355048281250001 0.271256346875 0.7092580468749999 0.26160498125 0.666258046875
0 0.4038366703125 0.5434012874999999 0.38072412031249997 0.5400504296874999 0.38046997031249996 0.5925439921875 0.40358276406250004 0.591985515625 0.4038366703125 0.5434012874999999
0 0.46530102500000003 0.535024678125 0.444474365625 0.54081223125 0.4493000484375 0.5925439921875 0.471650878125 0.5830504296875 0.46530102500000003 0.535024678125
0 0.5152727046875001 0.8631223171875 0.4920966796875 0.873587446875 0.4967316890625 0.9251094421875001 0.51908251875 0.9144989265625 0.5152727046875001 0.8631223171875
0 0.5921628421875 0.31343669531249996 0.5698525390625 0.30872049375 0.56868774375 0.35480740312500003 0.5905500484374999 0.35914163125 0.5921628421875 0.31343669531249996
0 0.5921628421875 0.192907725 0.5698525390625 0.19550965625 0.5719133296875001 0.2421582625 0.593596190625 0.2366421671875 0.5921628421875 0.192907725
0 0.48854101562499996 0.0492752140625 0.46524511718749995 0.058672746875 0.471517090625 0.1068004296875 0.49284179687499996 0.094192059375 0.48854101562499996 0.0492752140625
0 0.239947265625 0.1849710296875 0.2186225578125 0.213722103125 0.2308081046875 0.25589216718749996 0.2523120125 0.2283116953125 0.239947265625 0.1849710296875
0 0.328829834375 0.16487660937499998 0.307326171875 0.188126609375 0.3184365234375 0.232251609375 0.33994018593750003 0.2086110515625 0.328829834375 0.16487660937499998