0 0.1850814234375 0.3813912875 0.2074639203125 0.347127571875 0.186514634375 0.29126425 0.164998925 0.3288872859375 0.1850814234375 0.3813912875
0 0.281021378125 0.3576179765625 0.304666146875 0.32623045 0.285539609375 0.2741079609375 0.263960375 0.30297605625 0.281021378125 0.3576179765625
0 0.454095403125 0.140250290625 0.42740362187500003 0.150523984375 0.43919559062499997 0.2095429171875 0.46584489375000004 0.1977793890625 0.454095403125 0.140250290625
0 0.565082325 0.357778209375 0.5878214296875 0.35019998750000003 0.5842769156250001 0.2954756578125 0.5663290125 0.2948092765625 0.555144375 0.2967809203125 0.5606815125 0.3307990578125 0.565082325 0.357778209375
0 0.597989953125 0.481762215625 0.594527340625 0.42475606718750003 0.5682689843750001 0.4213994859375 0.5708552015625 0.47791489687500005 0.597989953125 0.481762215625
0 0.47912976562500004 0.66713256875 0.4550933625 0.6776834328125 0.45588212187500005 0.6906361078125001 0.46194474531249996 0.73415458125 0.4886529734375 0.7181932468750001 0.47912976562500004 0.66713256875
0 0.408063290625 0.6731353484375 0.38305310625 0.6749160171875 0.3860064875 0.708527115625 0.3873415984375 0.733736325 0.41445017812499996 0.7347081046875 0.408063290625 0.6731353484375
0 0.2681610890625 0.895479259375 0.2823121375 0.8770361984375 0.26533829531249997 0.8232143390625 0.242137071875 0.8492855453124999 0.24979355 0.87500824375 0.25916295625 0.903531259375 0.2681610890625 0.895479259375
0 0.6327296625 0.7621722921874999 0.6439022984375 0.7576568609375001 0.64319375 0.757743859375 0.6327296625 0.7621722921874999
0 0.6578182578125 0.7664892140624999 0.65425618125 0.7520744609375 0.640243209375 0.7547041734375 0.6305348453125 0.7598365265625 0.6348845546875 0.78627928125 0.640253753125 0.8165377140625001 0.6534670015625 0.8118841531250001 0.662617059375 0.8089418531250001 0.6578182578125 0.7664892140624999
0 0.8143152125 0.855967575 0.8335073046874999 0.8502458703125001 0.843111078125 0.8412146921874999 0.83286428125 0.7785354234375 0.8210746421874999 0.7822266640625 0.8037568703125 0.786596134375 0.808465634375 0.8207911125 0.8143152125 0.855967575