0 0.8116506343750001 0.28933637343749996 0.7857102046875 0.2546158796875 0.7717250984375 0.3126158796875 0.7981164546875 0.343896459375 0.8116506343750001 0.28933637343749996
0 0.7102690421875 0.2756786484375 0.6853325203125 0.24965557968750002 0.6727006828125 0.30372049375 0.699994384375 0.3319924890625 0.7102690421875 0.2756786484375
0 0.49706909218749995 0.1958696359375 0.52495336875 0.20429774687500002 0.52946484375 0.14428165312500002 0.5017199703124999 0.137337446875 0.49706909218749995 0.1958696359375
0 0.41915039062500004 0.33945547187499997 0.4205004875 0.30501609375 0.40915893593749997 0.3044222109375 0.391426025 0.3072709234375 0.39457714843749997 0.3620193140625 0.4180703125 0.36676985 0.41915039062500004 0.33945547187499997
0 0.4269814453125 0.4867145921875 0.4226608890625 0.43030525781250006 0.3970073234375 0.436836909375 0.400517821875 0.493840128125 0.4269814453125 0.4867145921875
0 0.5670217281250001 0.68383851875 0.5662260734375 0.670886265625 0.5410830078125 0.663343346875 0.537853515625 0.7151840125 0.5663078609375 0.727771459375 0.5670217281250001 0.68383851875
0 0.638556884375 0.693080471875 0.6373920890625 0.659359978125 0.61235131875 0.6606405578125 0.61351586875 0.722532725 0.6403039546875 0.718264484375 0.638556884375 0.693080471875
0 0.7882199703125 0.871172746875 0.7940434578125 0.8417204937499999 0.79850805625 0.8152564375000001 0.772302490625 0.7922070812500001 0.7620144046874999 0.8476963515625 0.7783076171875 0.8642773609375001 0.7882199703125 0.871172746875
0 0.38928466875 0.7732736046875 0.3885708 0.7732736046875 0.40021045 0.7763937765625 0.38928466875 0.7732736046875
0 0.40210424843750003 0.773807940625 0.39184277343749996 0.7698969953125 0.3776137703125 0.7689946359375 0.3758349609375 0.7837360515625 0.3762456046875 0.8264570812500001 0.3856860359375 0.8282623390625 0.3993679203125 0.8312709234375 0.401009521875 0.800583690625 0.40210424843750003 0.773807940625
0 0.21166284218750003 0.88827950625 0.23140917968750002 0.8916196359375 0.2329282234375 0.8559924890625 0.23343457031249998 0.821478540625 0.21571337812500002 0.8192521453125 0.2035617671875 0.8170252140625 0.2010300296875 0.8804860515625 0.21166284218750003 0.88827950625