0 0.31388724843750004 0.3682328515625 0.3374964359375 0.34879910000000003 0.336368990625 0.3022266984375 0.31290799062499997 0.32111048750000004 0.31388724843750004 0.3682328515625
0 0.422088540625 0.315347428125 0.3960967625 0.3337611453125 0.39634194218749996 0.3819142015625 0.42203943749999995 0.3622698984375 0.422088540625 0.315347428125
0 0.2278128390625 0.8110472968750001 0.2536325578125 0.7928367781250001 0.25381862499999996 0.7486374687499999 0.22863315156250003 0.764274734375 0.2278128390625 0.8110472968750001
0 0.37506575625 0.7106518625 0.39442494375 0.7208682375000001 0.40564158125 0.6753317078125 0.384933784375 0.6681137406250001 0.37506575625 0.7106518625
0 0.435497178125 0.7470379312500001 0.45900106718749994 0.7469136421875 0.4665060578125 0.695154353125 0.44349077656249997 0.6995348359375 0.435497178125 0.7470379312500001
0 0.61175988125 0.5728958515625 0.624811053125 0.529087690625 0.6060012593749999 0.5160449265625 0.593538653125 0.56231425625 0.61175988125 0.5728958515625
0 0.551787009375 0.8529465203125 0.57409364375 0.8599232859375 0.586578559375 0.8143977343750001 0.5642817796874999 0.8031709453125 0.551787009375 0.8529465203125
0 0.6910545171875 0.947368546875 0.7142661609375 0.9501206328125 0.7234567265625 0.8973489156250001 0.70053960625 0.8958274625 0.6910545171875 0.947368546875
0 0.63671875 0.4359375 0.03125 0.053125
0 0.5609375 0.14296875 0.0296875 0.0484375
0 0.5597378390625 0.3041636484375 0.5824705171875 0.3038894515625 0.5892767859375 0.256520640625 0.5664493171875 0.2572824921875 0.5597378390625 0.3041636484375