0 0.2723723140625 0.29001180312499997 0.251482178125 0.31144420625 0.2616652828125 0.3653251078125 0.2830793453125 0.34022049375 0.2723723140625 0.29001180312499997
0 0.3680222171875 0.291580471875 0.346697021875 0.313232296875 0.35374609375 0.3747392703125 0.3787292484375 0.34022049375 0.3680222171875 0.291580471875
0 0.5057861328125 0.277459228125 0.495622803125 0.2792553640625 0.49579296875 0.3229613734375 0.52006225625 0.3229613734375 0.5179208984375 0.277459228125 0.5057861328125 0.277459228125
0 0.628560546875 0.12997049375 0.6176931156250001 0.12367596562500001 0.6185671390625 0.177041309375 0.64069506875 0.177041309375 0.639267578125 0.12997049375 0.628560546875 0.12997049375
0 0.628560546875 0.3653251078125 0.6278466796875 0.297856759375 0.59978955 0.31144420625 0.602863525 0.33708261875 0.61071533125 0.3668943140625 0.628560546875 0.3653251078125
0 0.62176220625 0.49205901250000006 0.614998290625 0.5300734984375 0.6371262203125 0.5441947421875 0.6399814453125 0.49398551562500004 0.62176220625 0.49205901250000006
0 0.486513428125 0.6399055796875001 0.466325928125 0.645850321875 0.46295800781249996 0.6995289703124999 0.489368653125 0.6948218890625 0.486513428125 0.6399055796875001
0 0.4051398921875 0.735616953125 0.4215573734375 0.7560139484375 0.422380615625 0.6887687765625 0.430123046875 0.6885456015625 0.4015708015625 0.669717275 0.4051398921875 0.735616953125
0 0.25473754843749996 0.8693841203125 0.2809379875 0.8454490343750001 0.2709448234375 0.7889635187499999 0.24239257812499998 0.8156373390624999 0.25473754843749996 0.8693841203125
0 0.6514021 0.836034871875 0.6514021 0.7889635187499999 0.6250173343750001 0.8050064375 0.62713256875 0.8234822968750001 0.62713256875 0.840741953125 0.6514021 0.836034871875
0 0.8091525875000001 0.7936711375 0.8013010250000001 0.7999468890625 0.7834558109375 0.7999468890625 0.7841696781249999 0.8532939921875 0.810580078125 0.8517247859375001 0.8091525875000001 0.7936711375
0 0.9854624031249999 0.4720193140625 0.974138428125 0.5027886265625 0.9847485359375 0.5300734984375 0.9968833 0.49241684531249996 0.9854624031249999 0.4720193140625