0 0.7643301859375 0.3447359953125 0.742012528125 0.3214668859375 0.7265651640625 0.3731289125 0.750992759375 0.40005315625 0.7643301859375 0.3447359953125
0 0.669039953125 0.340919625 0.6451632203125001 0.3171803984375 0.6331569765625 0.368233596875 0.6563937484375 0.39391194375 0.669039953125 0.340919625
0 0.5209425390625 0.29335039531249996 0.495642321875 0.286500803125 0.49086980625 0.3399063 0.5158813296875 0.3455470671875 0.5209425390625 0.29335039531249996
0 0.40771612343749997 0.13934334843750001 0.3858643640625 0.1385930015625 0.3819105453125 0.1900682078125 0.4043610203125 0.18966644375 0.40771612343749997 0.13934334843750001
0 0.4137092171875 0.3209885609375 0.391121365625 0.31219080625 0.3846276546875 0.35752305624999997 0.405805478125 0.3709556203125 0.4137092171875 0.3209885609375
0 0.385999934375 0.5461371625 0.3870111625 0.5004525859375 0.358827096875 0.50543340625 0.3611069859375 0.55740184375 0.385999934375 0.5461371625
0 0.5283094734375 0.6654411671875 0.5052426953125 0.6576556796874999 0.49896865156250003 0.709175825 0.5235069921875 0.7183175484375 0.5283094734375 0.6654411671875
0 0.5922652796875 0.704607590625 0.5695772921875 0.7102970875 0.5682156859374999 0.760530721875 0.5923115203125 0.7555054078125 0.5922652796875 0.704607590625
0 0.737639228125 0.8504565265625 0.713139115625 0.8268146375000001 0.7023683984375 0.8807470640625 0.727526753125 0.9034118718749999 0.737639228125 0.8504565265625
0 0.3568066328125 0.8017530703125001 0.3332686796875 0.79894169375 0.330103128125 0.8542079843750001 0.3531075953125 0.8552148265625 0.3568066328125 0.8017530703125001
0 0.20222365 0.79405678125 0.1774124109375 0.7915729921875 0.174181771875 0.84979325 0.1988346640625 0.8518744265624999 0.20222365 0.79405678125