0 0.25935118125 0.369505134375 0.280323846875 0.34403061562500004 0.2687421828125 0.29401643593750004 0.2482292765625 0.3158101578125 0.25935118125 0.369505134375
0 0.3515822671875 0.37731083125 0.37595918125 0.34236129531250004 0.3644048953125 0.2939155453125 0.343460825 0.3159362484375 0.3515822671875 0.37731083125
0 0.4917709453125 0.2793653765625 0.492703859375 0.323061759375 0.51696945 0.322638203125 0.514034296875 0.277180359375 0.5019013796875 0.277392140625 0.4917709453125 0.2793653765625
0 0.6111074296875 0.12167925312500001 0.612912675 0.175021215625 0.635037234375 0.1746350296875 0.6327884609375001 0.12759629687500001 0.6220830609375 0.127783159375 0.6111074296875 0.12167925312500001
0 0.6242993218749999 0.29565631406250004 0.5964836 0.30973135625000003 0.6000045578125001 0.335312215625 0.6083754546875 0.3649823375 0.626190565625 0.363101928125 0.6242993218749999 0.29565631406250004
0 0.6378766406249999 0.541794828125 0.6398551578125 0.49154341874999996 0.621605071875 0.489935178125 0.61550563125 0.528061921875 0.6378766406249999 0.541794828125
0 0.4664459109375 0.700145053125 0.49277038281249996 0.6949777593750001 0.488957171875 0.6401196437500001 0.46887649531250003 0.6464158015625 0.4664459109375 0.700145053125
0 0.4260373796875 0.75734396875 0.42568690625 0.6900946718750001 0.4334242640625 0.68973640625 0.4045477671875 0.671409253125 0.4092664234375 0.7372366046875001 0.4260373796875 0.75734396875
0 0.27602281875 0.792917071875 0.24794044375 0.8200851359374999 0.2612215453125 0.8736082812499999 0.28700026875 0.8492195796875001 0.27602281875 0.792917071875
0 0.65642215 0.7862771765625001 0.630321390625 0.8027781296875001 0.63275875 0.821214259375 0.6330599734375 0.8384712875 0.6572436578125 0.8333413609375 0.65642215 0.7862771765625001
0 0.8064899296875 0.794642778125 0.788647434375 0.7949542203125 0.790292228125 0.8482807390625 0.81667121875 0.8462508468750001 0.8142307703125 0.788230953125 0.8064899296875 0.794642778125
0 0.9851995609375 0.5216088890624999 0.9966752781249999 0.48374619062499996 0.984900134375 0.46355108906250003 0.9741148828125 0.4945133453125 0.9851995609375 0.5216088890624999