0 0.318769775 0.3778776828125 0.3059057609375 0.3245515015625 0.28412011718749997 0.3501008578125 0.2884772953125 0.371657725 0.29735546875 0.40455096562500004 0.318769775 0.3778776828125
0 0.3894362796875 0.3198234984375 0.3693723140625 0.34248283281249997 0.3774880375 0.3932027890625 0.402689453125 0.37206920625 0.3894362796875 0.3198234984375
0 0.50590625 0.14850482812500002 0.5057861328125 0.10172800468750001 0.48261059531250006 0.10069420625 0.48364599531249997 0.12346137343750001 0.48364599531249997 0.1467972109375 0.50590625 0.14850482812500002
0 0.521648925 0.2368487125 0.52506591875 0.2847505359375 0.548986084375 0.281932940625 0.544928221875 0.229804184375 0.521648925 0.2368487125
0 0.6383171390625 0.42384442031249997 0.6372280265625 0.3743428109375 0.6150793453125 0.3759399140625 0.6154423828125 0.3982950640625 0.6158054203125001 0.42304560156250004 0.6383171390625 0.42384442031249997
0 0.647119140625 0.8281899140625001 0.647212890625 0.777322425 0.624701171875 0.7725321890625 0.6249912109375 0.790532725 0.625705078125 0.8250515015625 0.647119140625 0.8281899140625001
0 0.5114965828125 0.740324034375 0.5114965828125 0.6932526828125 0.4866711421875 0.6959216734375 0.4874521484375 0.74059549375 0.4993620609375 0.743461909375 0.5114965828125 0.740324034375
0 0.44424414062500006 0.7318133046875 0.44714892656250005 0.6775214593750001 0.42427392656249996 0.671932403125 0.41955371093749994 0.719836909375 0.4308369140625 0.729340665625 0.44424414062500006 0.7318133046875
0 0.31207836875 0.7757258578124999 0.2873879390625 0.80287178125 0.2993701171875 0.8515745703125001 0.3211555171875 0.8276223171874999 0.31207836875 0.7757258578124999
0 0.8048698734374999 0.8878127687499999 0.8048698734374999 0.834465665625 0.7766130375 0.83235515 0.775604003125 0.8658465671875 0.7770317390625 0.8878127687499999 0.8048698734374999 0.8878127687499999
0 0.62109375 0.509375 0.02578125 0.05546875