0 0.21428979531249998 0.2546158796875 0.188349365625 0.28933637343749996 0.2018835453125 0.343896459375 0.2282749015625 0.3126158796875 0.21428979531249998 0.2546158796875
0 0.31466747968750003 0.24965557968750002 0.28973095781249997 0.2756786484375 0.300005615625 0.3319924890625 0.3272993171875 0.30372049375 0.31466747968750003 0.24965557968750002
0 0.47504663125 0.20429774687500002 0.5029309078125 0.1958696359375 0.4982800296875 0.137337446875 0.47053515625 0.14428165312500002 0.47504663125 0.20429774687500002
0 0.5819296875 0.36676985 0.6054228515625 0.3620193140625 0.608573975 0.3072709234375 0.5908410640625 0.3044222109375 0.5794995125 0.30501609375 0.580849609375 0.33945547187499997 0.5819296875 0.36676985
0 0.5773391109375 0.43030525781250006 0.5730185546875 0.4867145921875 0.5994821781249999 0.493840128125 0.6029926765625 0.436836909375 0.5773391109375 0.43030525781250006
0 0.462146484375 0.7151840125 0.45891699218750004 0.663343346875 0.4337739265625 0.670886265625 0.432978271875 0.68383851875 0.43369213906250004 0.727771459375 0.462146484375 0.7151840125
0 0.38648413125 0.722532725 0.38764868125 0.6606405578125 0.3626079109375 0.659359978125 0.36144311562500003 0.693080471875 0.3596960453125 0.718264484375 0.38648413125 0.722532725
0 0.2216923828125 0.8642773609375001 0.2379855953125 0.8476963515625 0.227697509375 0.7922070812500001 0.20149194375 0.8152564375000001 0.20595654218749998 0.8417204937499999 0.2117800296875 0.871172746875 0.2216923828125 0.8642773609375001
0 0.59978955 0.7763937765625 0.6114292 0.7732736046875 0.61071533125 0.7732736046875 0.59978955 0.7763937765625
0 0.6081572265624999 0.7698969953125 0.5978957515625 0.773807940625 0.598990478125 0.800583690625 0.6006320796875 0.8312709234375 0.6143139640624999 0.8282623390625 0.6237543953125 0.8264570812500001 0.6241650390625 0.7837360515625 0.6223862296875 0.7689946359375 0.6081572265624999 0.7698969953125
0 0.7883371578125 0.88827950625 0.7989699703124999 0.8804860515625 0.7964382328124999 0.8170252140625 0.784286621875 0.8192521453125 0.7665654296875 0.821478540625 0.7670717765624999 0.8559924890625 0.7685908203125 0.8916196359375 0.7883371578125 0.88827950625