0 0.6831475765625 0.3336553 0.68331145625 0.311663103125 0.6570510296875 0.2907400578125 0.6545984781249999 0.34554105625 0.6807088453125 0.367638234375 0.6831475765625 0.3336553
0 0.5981719953125 0.3204519296875 0.57415305625 0.3020372953125 0.5711123312499999 0.355851928125 0.5998832046875 0.3717885703125 0.5981719953125 0.3204519296875
0 0.44420657812500003 0.12725895781250002 0.440878775 0.1047125234375 0.41832629531250004 0.1101494296875 0.42713382343750006 0.15608975 0.448659265625 0.15016605 0.44420657812500003 0.12725895781250002
0 0.434323078125 0.293488078125 0.42853719375 0.24581435312500002 0.40434144375000003 0.2433411515625 0.41030477187500003 0.2952864328125 0.434323078125 0.293488078125
0 0.3672724015625 0.422191115625 0.36336320624999996 0.40017742187499994 0.3413167171875 0.4028358296875 0.3496929671875 0.45163576718750004 0.37163865937499996 0.44655618593749996 0.3672724015625 0.422191115625
0 0.43274148749999997 0.8090442671875 0.4295915328125 0.7913191109375 0.4084074375 0.800316775 0.418205440625 0.8502317968750001 0.438627228125 0.8430650500000001 0.43274148749999997 0.8090442671875
0 0.558225096875 0.733780834375 0.5504675875 0.689778775 0.5255889921875 0.6918957375 0.5345706296875 0.73810225625 0.547080940625 0.738867103125 0.558225096875 0.733780834375
0 0.6209151234375 0.7004480109375 0.607141021875 0.6543243046875 0.5857527421875 0.6641754296875 0.59896353125 0.7169155218750001 0.6116526265625 0.7119300921875 0.6209151234375 0.7004480109375
0 0.7664964390625 0.7567388796875 0.73707995625 0.734802859375 0.738071890625 0.7874778359375 0.7640273375 0.8068331687500001 0.7664964390625 0.7567388796875
0 0.299266434375 0.9117126578124999 0.291885475 0.87902910625 0.264550503125 0.8864925031249999 0.274729609375 0.9388594703124999 0.30205627968750004 0.9335477031250001 0.299266434375 0.9117126578124999
0 0.3828125 0.53203125 0.0359375 0.059375