0 0.26766284218749997 0.3090456015625 0.244157959375 0.33111480625 0.25458203125 0.387054184375 0.2803852546875 0.3614452796875 0.26766284218749997 0.3090456015625
0 0.364603759375 0.309833690625 0.339517334375 0.332290771875 0.34937280312499996 0.3858723171875 0.37392163125 0.3614452796875 0.364603759375 0.309833690625
0 0.5155253906249999 0.287021459375 0.4899013671875 0.29253755312499996 0.4922238765625 0.344927575 0.5174963375 0.340603540625 0.5155253906249999 0.287021459375
0 0.6328937984375 0.1450616953125 0.6110327156250001 0.14466738125 0.6117495125 0.195097103125 0.63414819375 0.19667328281250002 0.6328937984375 0.1450616953125
0 0.61855859375 0.31814645937499997 0.595541259375 0.32575 0.6008190921875001 0.37606223125 0.6226708984375 0.36375643750000003 0.61855859375 0.31814645937499997
0 0.6128103031250001 0.50636534375 0.6114292 0.5520402359375 0.6356984859375 0.5645922750000001 0.64069506875 0.5128143781250001 0.6128103031250001 0.50636534375
0 0.486513428125 0.6571652359375 0.4630708015625 0.6637328328125001 0.465099365625 0.7167880906249999 0.49008251875 0.7089431328125 0.486513428125 0.6571652359375
0 0.4195119625 0.7063674890625 0.39715283281249997 0.699498390625 0.39444287031249997 0.750324034375 0.4182426765625 0.756603540625 0.4195119625 0.7063674890625
0 0.27004882812500003 0.8152119093750001 0.24434497031250002 0.8375391625 0.25167211875 0.8909511796875 0.277982178125 0.8696341203125 0.27004882812500003 0.8152119093750001
0 0.650857421875 0.8072580468749999 0.627204590625 0.808833690625 0.6281005859375 0.8624157718750001 0.6511262203125 0.8626142703124999 0.650857421875 0.8072580468749999
0 0.8068857421875 0.8080563312500001 0.781978515625 0.8092381968750001 0.7823369140625 0.8671539703125 0.807064940625 0.8663658796875 0.8068857421875 0.8080563312500001