0 0.8261339765625 0.26332829375 0.8073230812500001 0.236072215625 0.7875083171874999 0.2744834125 0.8050535968749999 0.30863799687500004 0.8261339765625 0.26332829375
0 0.7396675984375001 0.2295061171875 0.7206093390625 0.20170331562500002 0.7045049437500001 0.2461266390625 0.7222270796875 0.27627922968749996 0.7396675984375001 0.2295061171875
0 0.4794861328125 0.20377505624999998 0.457314178125 0.1979729796875 0.4503895765625 0.23185780312499998 0.46984833125 0.2472679484375 0.4794861328125 0.20377505624999998
0 0.45841849218749997 0.36449564843750004 0.46436370781249997 0.317223528125 0.43783905 0.310900734375 0.4319946625 0.3576133078125 0.45841849218749997 0.36449564843750004
0 0.5533895109375 0.5608834125 0.5315187406249999 0.550792890625 0.52188693125 0.60000049375 0.5435175796875 0.6110031671875 0.5533895109375 0.5608834125
0 0.6113048515624999 0.622122259375 0.6171140203125 0.5691924546875 0.5941664546875 0.5675601390625 0.5879761734375 0.6180477921875001 0.6113048515624999 0.622122259375
0 0.446572828125 0.941155415625 0.4609138875 0.885579328125 0.44231394843749994 0.8740100984374999 0.4291830109375 0.9212827015625 0.446572828125 0.941155415625
0 0.23514883593749997 0.5974205515625 0.21191119375 0.5849481625 0.20024575156250002 0.637179525 0.22187677187500002 0.6576488453125 0.23514883593749997 0.5974205515625
0 0.397113003125 0.59949575 0.3736228890625 0.596855909375 0.36521932968750004 0.6489335203125 0.38919177031249996 0.6507131234375 0.397113003125 0.59949575
0 0.578469178125 0.068593084375 0.567783875 0.115039753125 0.5904091218749999 0.125119290625 0.6018361859375 0.07982570312500001 0.578469178125 0.068593084375
0 0.7220139171875 0.7836155734375 0.7391563078125001 0.73495535 0.717995109375 0.7067399828125 0.7014115546874999 0.755283171875 0.7220139171875 0.7836155734375