0 0.37421875 0.61171875 0.0296875 0.0546875
0 0.21171875 0.6046875 0.0359375 0.059375
0 0.7284208765625 0.725830303125 0.7094514921874999 0.70150433125 0.6931922687500001 0.7424651234375 0.7104094375 0.77176600625 0.7284208765625 0.725830303125
0 0.611542128125 0.5582162015625001 0.5881899421875 0.5579102046875 0.580840475 0.605936 0.603581346875 0.6101032390625 0.611542128125 0.5582162015625001
0 0.5484575828125 0.5489958875000001 0.52879270625 0.54002158125 0.515008146875 0.5864627203125 0.53559868125 0.5993358421874999 0.5484575828125 0.5489958875000001
0 0.44936406562500003 0.8702243171875 0.42811048281249997 0.8562625015625001 0.4163105015625 0.9064105937500001 0.4367263046875 0.9203869156250001 0.44936406562500003 0.8702243171875
0 0.46093016875000004 0.3001481171875 0.43815676562499994 0.3013161546875 0.4325998765625 0.3467106828125 0.45487104218749996 0.345849834375 0.46093016875000004 0.3001481171875
0 0.47864024531249993 0.18833109374999998 0.4570116515625 0.18227109531250002 0.44875437500000004 0.22524286875000002 0.4693073765625 0.2340829984375 0.47864024531249993 0.18833109374999998
0 0.6033657859375 0.0695430796875 0.5818267953125 0.0566169640625 0.570552421875 0.10030801874999999 0.5896422015625 0.116097078125 0.6033657859375 0.0695430796875
0 0.8226969484375 0.2612637890625 0.8061324421875 0.22953076874999997 0.7871399515624999 0.27040356718749997 0.804064575 0.3010084296875 0.8226969484375 0.2612637890625
0 0.739089440625 0.222107115625 0.721487625 0.1957794484375 0.7036724859375 0.23723740468750001 0.7212132046875 0.263950821875 0.739089440625 0.222107115625