0 0.746577184375 0.421230909375 0.7337686859375 0.393973646875 0.7123393484375 0.4353384046875 0.72503995 0.46315493124999996 0.746577184375 0.421230909375
0 0.6304473921875 0.4103846671875 0.6449326515625 0.43930589062500003 0.666261928125 0.3961336890625 0.650972715625 0.368189503125 0.6304473921875 0.4103846671875
0 0.6280524890625 0.856487953125 0.6122708625 0.8313926875 0.593062396875 0.8712003312500001 0.6082860390625 0.89888645625 0.6280524890625 0.856487953125
0 0.529724615625 0.7015413374999999 0.5079484234375 0.6989511046875 0.49806796875000003 0.744796115625 0.51994645625 0.7441002078125 0.529724615625 0.7015413374999999
0 0.4633198390625 0.7041127359375 0.4445541171875 0.6900863484374999 0.42860978125000004 0.7398972609375 0.44968045156249997 0.7503123984375 0.4633198390625 0.7041127359375
0 0.38861124375 0.5150030359375 0.397693065625 0.467953190625 0.3750693640625 0.47143027968749995 0.3675954453125 0.51652605 0.38861124375 0.5150030359375
0 0.3093225234375 0.7443089640625 0.2843608109375 0.7446252703125 0.275625090625 0.7910163906250001 0.298732571875 0.7945243 0.3093225234375 0.7443089640625
0 0.1462368578125 0.7678565890625 0.1249721234375 0.7591778578125 0.110098953125 0.8106376421875 0.132167875 0.8183393984375 0.1462368578125 0.7678565890625
0 0.40546875 0.3828125 0.034375 0.053125
0 0.6015625 0.153125 0.0328125 0.05
0 0.5466761015625 0.2527174859375 0.5264928828125 0.242025834375 0.5118451953125 0.2875843109375 0.532156990625 0.2977961078125 0.5466761015625 0.2527174859375