0 0.256942175 0.3629015328125 0.28266071406250004 0.33854731562499996 0.274790046875 0.28595119062499996 0.24792016874999998 0.31030738750000003 0.256942175 0.3629015328125
0 0.3523234859375 0.36790025625 0.3782322359375 0.346671328125 0.36957383906249996 0.2955918484375 0.3438447078125 0.313388778125 0.3523234859375 0.36790025625
0 0.2266081765625 0.86735993125 0.2525169265625 0.8461310031249999 0.2458560453125 0.797493103125 0.2194033203125 0.8155782015625 0.2266081765625 0.86735993125
0 0.3768035125 0.7389313421875 0.3984615859375 0.74473964375 0.405115659375 0.692125765625 0.3817316546875 0.685448584375 0.3768035125 0.7389313421875
0 0.44960041562499997 0.7084768625 0.47411086718749995 0.7004149015625 0.47369965937499997 0.64743128125 0.44950114062499996 0.654611903125 0.44960041562499997 0.7084768625
0 0.6036497765625 0.8596820265625 0.626489565625 0.8632153656250001 0.6304395484375 0.808123415625 0.6062932078125 0.8058603468750001 0.6036497765625 0.8596820265625
0 0.496034059375 0.33785939374999996 0.5225013140625 0.333015840625 0.5224431640625 0.28005019062500003 0.49773135156250004 0.28350624375 0.496034059375 0.33785939374999996
0 0.6052900140624999 0.3755185046875 0.6259827609374999 0.3727086796875 0.624008709375 0.3157488703125 0.600605953125 0.3229529296875 0.6052900140624999 0.3755185046875
0 0.623606215625 0.1950049265625 0.6472339796875 0.1970216328125 0.6502331671875 0.1465531015625 0.625468928125 0.14425013125 0.623606215625 0.1950049265625
0 0.6036708140625 0.551734809375 0.628345540625 0.5608165265625 0.6340892890625 0.5120492265625 0.61161226875 0.5015892203125001 0.6036708140625 0.551734809375
0 0.7571046234375001 0.8752130578124999 0.7820773828124999 0.8718485749999999 0.7829292859375 0.81503686875 0.7584319374999999 0.8160893734375 0.7571046234375001 0.8752130578124999
0 0.9607202625 0.5415081765624999 0.97408529375 0.5752485234375 0.9894078953125 0.5411372828125 0.9761749171874999 0.50792334375 0.9607202625 0.5415081765624999