0 0.7159615296874999 0.2748888890625 0.6919758203125 0.256988290625 0.6892549796874999 0.308253778125 0.7143326265625001 0.329699415625 0.7159615296874999 0.2748888890625
0 0.6221986578125 0.2915498484375 0.5977489203124999 0.2735005875 0.5947826859374999 0.32321671875 0.6248581828125 0.3534022859375 0.6221986578125 0.2915498484375
0 0.45248980000000005 0.328279440625 0.4764602921875 0.3244828875 0.46979123749999996 0.281288353125 0.4594720578125 0.281104225 0.447486690625 0.2830025203125 0.45248980000000005 0.328279440625
0 0.3105152515625 0.203027025 0.3323707484375 0.19956545312500001 0.3248858328125 0.1467203984375 0.3151368796875 0.15463747187500002 0.30456166875 0.15631242031249998 0.3105152515625 0.203027025
0 0.37291700156249996 0.355179803125 0.3719424 0.329376165625 0.34210515468749997 0.3203451046875 0.3519544515625 0.3870944796875 0.3698254421875 0.38585275937499997 0.37291700156249996 0.355179803125
0 0.3911220609375 0.5476929390625 0.37849464374999997 0.5112045843749999 0.36080108593750004 0.5159574859375 0.3714756125 0.5651018984375 0.3911220609375 0.5476929390625
0 0.5560755046875 0.6387868765625 0.535206584375 0.6360733453125 0.540977315625 0.6907601999999999 0.5677991515625 0.69127779375 0.5560755046875 0.6387868765625
0 0.5985116828125 0.6752931281250001 0.606193703125 0.6743023734375 0.6175262734375 0.7405908609375 0.6305508343749999 0.7178767265625 0.623767003125 0.6522300546875 0.5985116828125 0.6752931281250001
0 0.77040513125 0.806927134375 0.8000272703125001 0.8264688890624999 0.8038124046874999 0.771452640625 0.77143898125 0.749573775 0.77040513125 0.806927134375
0 0.4250364234375 0.8393876078125 0.4242353546875 0.820808321875 0.3956657640625 0.8090904046875 0.403029346875 0.85558223125 0.4277364296875 0.8564347703124999 0.4250364234375 0.8393876078125
0 0.274596278125 0.8933982890625 0.26695603125 0.840596303125 0.24933052187500002 0.8433879093750001 0.24059388125 0.838417678125 0.24826555625000002 0.8959798984375 0.274596278125 0.8933982890625
0 0.032135240625 0.5769258859375 0.0161373015625 0.5483068546875 0.008047890625 0.5702398796875 0.025924054687499996 0.605534621875 0.032135240625 0.5769258859375