0 0.621875 0.615625 0.028125 0.0546875
0 0.78515625 0.61484375 0.034375 0.059375
0 0.280234240625 0.7642572703125 0.29846350781250003 0.7355751078125 0.2836437 0.6940718296874999 0.26383690625 0.717720959375 0.280234240625 0.7642572703125
0 0.3926392046875 0.6064212296875 0.4155116578125 0.603050175 0.40984274374999996 0.5547971421875 0.3864941046875 0.5542879734375 0.3926392046875 0.6064212296875
0 0.46095623437500005 0.5980329531249999 0.4819834890625 0.5858862734375 0.46982809999999997 0.5389923515625 0.4498620046875 0.5472748953125001 0.46095623437500005 0.5980329531249999
0 0.548563859375 0.9223390484375 0.5694549921875 0.909083740625 0.5594123421874999 0.8585543843749999 0.5376844468749999 0.8717659546875 0.548563859375 0.9223390484375
0 0.5504812296875 0.3475187171875 0.5727087859375 0.34915629375 0.5687395265624999 0.303595484375 0.5460207609375 0.30163337968750004 0.5504812296875 0.3475187171875
0 0.5399542953124999 0.23531614531249997 0.5608032921875 0.227198690625 0.5540507406249999 0.18396491875 0.53222383125 0.18926639843749998 0.5399542953124999 0.23531614531249997
0 0.423810425 0.1132024734375 0.44343960625 0.09808925625 0.4336968953125 0.054031346875 0.4117199125 0.0661978875 0.423810425 0.1132024734375
0 0.20306535937499998 0.29051795 0.221047765625 0.260522390625 0.2034932859375 0.2190116640625 0.185831403125 0.250147259375 0.20306535937499998 0.29051795
0 0.28715955000000004 0.2563743875 0.3056218671875 0.2302894046875 0.28926444375 0.1882349640625 0.270754528125 0.21393230000000002 0.28715955000000004 0.2563743875