0 0.2323994140625 0.1958696359375 0.209978271875 0.22024248906250002 0.2245476078125 0.2680450640625 0.2466755375 0.2366647 0.2323994140625 0.1958696359375
0 0.32305249062499997 0.1739034328125 0.300310303125 0.1987832625 0.3110715328125 0.24752843281249998 0.33281762656249997 0.2201357296875 0.32305249062499997 0.1739034328125
0 0.58430444375 0.20685300468749998 0.5615407718750001 0.20951287500000002 0.5650317375 0.2539238203125 0.5864458 0.24137178124999997 0.58430444375 0.20685300468749998
0 0.56072705 0.323961909375 0.5600354000000001 0.3716013953125 0.5871599125 0.36846351875 0.587873534375 0.3213921671875 0.56072705 0.323961909375
0 0.46171899375000003 0.5459120171875 0.4386567390625 0.552860515625 0.441457275 0.603866415625 0.4644086921875 0.5959812234374999 0.46171899375000003 0.5459120171875
0 0.374395996875 0.5522199578125 0.3727822265625 0.6054431328125001 0.396450928125 0.6046550421875 0.3973474125 0.5537972109375 0.374395996875 0.5522199578125
0 0.4850434578125 0.8872666312499999 0.4915102546875 0.944297746875 0.5114965828125 0.9270386265624999 0.5050725093749999 0.8783986046875001 0.4850434578125 0.8872666312499999
0 0.773462646875 0.624215665625 0.74871533125 0.63333261875 0.7534760734375 0.6948218890625 0.7777453609375 0.67756223125 0.773462646875 0.624215665625
0 0.6116674796875 0.613501609375 0.588038575 0.6128465671875001 0.5887546390625 0.66466791875 0.6127414546875001 0.666241953125 0.6116674796875 0.613501609375
0 0.48645190468750005 0.1093524671875 0.4823347171875 0.0618707078125 0.45763183593749995 0.069741953125 0.46264404375 0.11618508593750002 0.48645190468750005 0.1093524671875
0 0.23047167968750001 0.69938465625 0.24067504843749998 0.74995708125 0.26502001875 0.724767703125 0.255353759375 0.6743889484375 0.23047167968750001 0.69938465625