0 0.2834277578125 0.33849705625 0.313991509375 0.318812559375 0.31244161875 0.2649128015625 0.284861928125 0.2816128015625 0.2834277578125 0.33849705625
0 0.3763928484375 0.35704912499999997 0.4054838921875 0.338259865625 0.407100290625 0.28583881875 0.377892975 0.3025893984375 0.3763928484375 0.35704912499999997
0 0.5246351734375 0.3466995328125 0.5502543875 0.347724428125 0.5594668515625 0.2949034609375 0.5332559140625001 0.29497148125 0.5246351734375 0.3466995328125
0 0.67270039375 0.22499399375 0.6942819046875 0.2311926765625 0.7037855734375 0.1804481234375 0.682484190625 0.1755172515625 0.67270039375 0.22499399375
0 0.6243840640625 0.3997320375 0.648316875 0.3922384 0.65377728125 0.3467701125 0.6296820656250001 0.349421925 0.6243840640625 0.3997320375
0 0.619303659375 0.59139408125 0.6349562843750001 0.541786503125 0.6090216984375 0.5296808265624999 0.59817443125 0.574070465625 0.619303659375 0.59139408125
0 0.42078925 0.7047945015625 0.44685751875 0.7023152640625 0.45413165156249996 0.6509267828125 0.4298358234375 0.652476865625 0.42078925 0.7047945015625
0 0.344704253125 0.7229072921874999 0.36667839375 0.733997834375 0.37836460625 0.6851234609375 0.3579222421875 0.6737557437499999 0.344704253125 0.7229072921874999
0 0.1758153578125 0.8307776890625 0.20598254531250001 0.8153966265625 0.20953757187500002 0.7605142359375 0.1797533078125 0.777009453125 0.1758153578125 0.8307776890625
0 0.5499508046875 0.8811297265625001 0.5724320031250001 0.8861111859375 0.5836782859375 0.83190874375 0.5602147296875 0.8285322546874999 0.5499508046875 0.8811297265625001
0 0.699831571875 0.9178319203124999 0.7241830859375 0.922202296875 0.7361310390625 0.8651296953125 0.711522371875 0.8611072296875 0.699831571875 0.9178319203124999