0 0.263896240625 0.298031115625 0.238337890625 0.32376019375 0.25010009843750003 0.3758100859375 0.2745087890625 0.350143240625 0.263896240625 0.298031115625
0 0.35905468749999997 0.3026979609375 0.3342922359375 0.321817059375 0.34561230468750004 0.3758100859375 0.37037451250000003 0.35325429218750004 0.35905468749999997 0.3026979609375
0 0.2617739265625 0.8103862656249999 0.2363039546875 0.8298310078125001 0.246208984375 0.8811647 0.27097119062499997 0.85860890625 0.2617739265625 0.8103862656249999
0 0.41530078125000003 0.6968283265624999 0.391599365625 0.6913841203125 0.38947705 0.7450515015625 0.4114094234375 0.749718346875 0.41530078125000003 0.6968283265624999
0 0.48145166093749997 0.6486056859375 0.457662109375 0.65704291875 0.46058032187500003 0.7108288625 0.484635253125 0.701495171875 0.48145166093749997 0.6486056859375
0 0.64638671875 0.8008744640625001 0.6221550296875 0.79987821875 0.62233203125 0.853764484375 0.6453254390625001 0.8560976390624999 0.64638671875 0.8008744640625001
0 0.5109011234375 0.2791770390625 0.48640405312499996 0.28392167343749997 0.4875537109375 0.3382891625 0.5137312015625 0.33206705937500003 0.5109011234375 0.2791770390625
0 0.6141958 0.309511265625 0.5912021484375 0.3179302578125 0.5986308593749999 0.3701786484375 0.61914819375 0.3662897 0.6141958 0.309511265625
0 0.6315292968749999 0.1391748921875 0.6066784671875001 0.1381711375 0.607474609375 0.18895386249999999 0.6311755375 0.18973122343749999 0.6315292968749999 0.1391748921875
0 0.6345361328125 0.505015021875 0.61154248125 0.49574570781249994 0.606236328125 0.546238196875 0.6313525390625 0.5540160937499999 0.6345361328125 0.505015021875
0 0.799029296875 0.799797746875 0.7746206046874999 0.8021309015625 0.7763894046875001 0.8612430249999999 0.80115185625 0.8565761796875 0.799029296875 0.799797746875
0 0.9908901374999999 0.515467275 0.9759370125 0.48299141562500003 0.96226123125 0.51733905625 0.9773737796875 0.550333690625 0.9908901374999999 0.515467275