0 0.2670977578125 0.3462806421875 0.29445251093749997 0.323779784375 0.2902699375 0.2707627515625 0.261766509375 0.29318526875 0.2670977578125 0.3462806421875
0 0.36189802968749996 0.3579206515625 0.38922452500000004 0.3385507390625 0.3841503421875 0.2869917078125 0.357242434375 0.30295051093750003 0.36189802968749996 0.3579206515625
0 0.20164841249999998 0.8473942109375001 0.22897490468749998 0.8280243 0.22572305781250002 0.7790402390625 0.19807321718749998 0.795236034375 0.20164841249999998 0.8473942109375001
0 0.36043660625 0.729755565625 0.381636753125 0.737060509375 0.391944778125 0.685038959375 0.3690835109375 0.6767468578125 0.36043660625 0.729755565625
0 0.43518057499999996 0.7044533265624999 0.4601936953125 0.6981207656249999 0.463479440625 0.645237528125 0.438838971875 0.650712653125 0.43518057499999996 0.7044533265624999
0 0.5783071421875 0.8660361015625 0.6008448203125 0.8711540578125 0.6086282015625 0.8164718453124999 0.58469854375 0.812529925 0.5783071421875 0.8660361015625
0 0.5073540765625 0.337977709375 0.534094728125 0.33499221874999996 0.5377314171875 0.2821515328125 0.5128387187500001 0.28387535937499997 0.5073540765625 0.337977709375
0 0.6137169234375001 0.3831663953125 0.6345552671875 0.38180686875 0.6365593390625001 0.32484810625 0.6127110609375 0.3304021234375 0.6137169234375001 0.3831663953125
0 0.6445804984375 0.20437021406250003 0.6680100265625 0.20803019687500002 0.6745224171875 0.1578938171875 0.6499791484374999 0.1538689890625 0.6445804984375 0.20437021406250003
0 0.599809440625 0.5588404953125 0.6237905515625 0.5696213140624999 0.63292214375 0.5213734703124999 0.611229528125 0.509371028125 0.599809440625 0.5588404953125
0 0.7303047890625 0.8922337703125001 0.7554514109375 0.89061949375 0.7602642234375 0.8340056046875001 0.7357531296875 0.8333466968750001 0.7303047890625 0.8922337703125001
0 0.9567025062500001 0.5735452859375 0.9676813734374999 0.6081357406250001 0.9853461296875 0.57517644375 0.9744622749999999 0.5411203265625 0.9567025062500001 0.5735452859375