0 0.1916531375 0.31399106250000003 0.20859966562499999 0.279535471875 0.18811755 0.241475940625 0.1697852046875 0.2690561625 0.1916531375 0.31399106250000003
0 0.2739023015625 0.2801917 0.29109550156249997 0.24973440781249998 0.27421826562499996 0.2055989109375 0.2556481359375 0.233730090625 0.2739023015625 0.2801917
0 0.52573629375 0.246780221875 0.5449231421875 0.23103282187500002 0.5374082234374999 0.197274009375 0.5153409046874999 0.20346215625 0.52573629375 0.246780221875
0 0.5655099906250001 0.35644813750000004 0.5588512453125001 0.3098446765625 0.532440975 0.3166294265625 0.539210296875 0.3637905890625 0.5655099906250001 0.35644813750000004
0 0.4584263203125 0.6117457468749999 0.47986165156249994 0.6003672421874999 0.46937251875 0.5513352328125001 0.4476811828125 0.561805915625 0.4584263203125 0.6117457468749999
0 0.4140974453125 0.6195652093749999 0.40702697343749994 0.56919328125 0.3841113921875 0.5712258390625 0.390843428125 0.624046196875 0.4140974453125 0.6195652093749999
0 0.5781586 0.9199826109375 0.5642046421875 0.872946375 0.5458094453125 0.8848384546875 0.5611182578125 0.94015579375 0.5781586 0.9199826109375
0 0.7808322203125 0.6527709140625 0.8021027078125 0.6319271984375 0.7895274796875 0.57990738125 0.76651105 0.5927834234375 0.7808322203125 0.6527709140625
0 0.6134216593749999 0.6487562984374999 0.637359390625 0.6465585890625001 0.62804823125 0.5946355734375001 0.6046077671875 0.5976849718749999 0.6134216593749999 0.6487562984374999
0 0.3908462703125 0.081666984375 0.4030620765625 0.12675424375 0.42550796718750006 0.11628137499999999 0.41401368437499997 0.070028265625 0.3908462703125 0.081666984375
0 0.303074428125 0.7587594078125 0.285646203125 0.710513034375 0.26498065312499997 0.73909341875 0.282969671875 0.7874470546875 0.303074428125 0.7587594078125