0 0.301638428125 0.33708261875 0.2822116703125 0.3600960296875 0.29216430625 0.406165771875 0.31163159218750003 0.382584228125 0.301638428125 0.33708261875
0 0.3757146 0.4038626609375 0.39719165 0.379675965625 0.38828662187499996 0.3336062234375 0.3662858890625 0.35664109375 0.3757146 0.4038626609375
0 0.3057839359375 0.79104291875 0.28404492187499997 0.8111984984375 0.29216430625 0.857268240625 0.31403491250000004 0.834465665625 0.3057839359375 0.79104291875
0 0.440830078125 0.69011480625 0.4191254890625 0.6869806859375001 0.41755542031250004 0.730620171875 0.4385083015625 0.7369549359375 0.440830078125 0.69011480625
0 0.5043586421875 0.6979597640625 0.4826020515625 0.7066512875 0.48381933593750004 0.7548068671875 0.5068676765625 0.7502001078125 0.5043586421875 0.6979597640625
0 0.6071152343749999 0.49552414218749996 0.6037102046875 0.5433213515624999 0.623615721875 0.550231759375 0.628068115625 0.504738196875 0.6071152343749999 0.49552414218749996
0 0.6449777828125 0.7921013953125 0.6209484859375001 0.7853353000000001 0.6181809078125 0.8365804718750001 0.6414089359374999 0.839172746875 0.6449777828125 0.7921013953125
0 0.7951689453124999 0.8474109437499999 0.77238256875 0.8502902359375 0.77290625 0.90269420625 0.7962165531250001 0.9009667374999999 0.7951689453124999 0.8474109437499999
0 0.621875 0.4109375 0.021875 0.04921875
0 0.49140625 0.13828125 0.021875 0.0453125
0 0.5411784671875 0.24395922812499998 0.5189157718749999 0.24906276875 0.52127295 0.296363196875 0.5435356453125 0.2917564375 0.5411784671875 0.24395922812499998